################################################################################
# File type: R
# Simulation type: M
# Number of atoms:      2
# Number of ensembles:         4
################################################################################
   #iterens   iatom           |Mom|             M_x             M_y             M_z
      -1       1       1    1.00000000E+00  8.16378716E-01  1.80121252E-01 -5.48709511E-01
      -1       1       2    1.00000000E+00 -5.92180114E-01  9.07382749E-02  8.00680509E-01
      -1       1       1    1.00000000E+00 -4.88510773E-01 -1.75698745E-01 -8.54685425E-01
      -1       1       2    1.00000000E+00 -2.33647441E-01 -9.71557472E-01 -3.85350736E-02
      -1       1       1    1.00000000E+00 -3.74711908E-01 -9.23520952E-01  8.18537545E-02
      -1       1       2    1.00000000E+00 -8.65379327E-01  9.71971291E-02  4.91600791E-01
      -1       1       1    1.00000000E+00 -6.65407925E-01 -5.30560565E-01 -5.25107399E-01
      -1       1       2    1.00000000E+00 -4.13454422E-01 -7.54095546E-01  5.10289474E-01
